660 801 8589
666 405 84752
640 859 93654
392 21 5684
948 724 66514
49 930 89595
923 808 56659
628 692 38246
280 763 16541
800 671 39368
872 891 31838
762 384 29329
559 111 6921
392 275 92826
256 706 44658
159 252 39074
393 614 46236
93 442 21453
690 432 87163
868 135 6371
616 358 95658
166 494 42858
504 138 55954
772 977 880
8 569 59825
576 628 56327
125 334 9716
366 804 53849
864 8 21362
480 956 79625
101 681 86935
643 691 37541
495 25 55013
684 891 62680
154 610 6289
380 427 29499
892 234 81271
196 925 51794
882 468 2752
162 612 70104
67 222 57134
344 403 57694
330 226 28446
569 412 49206
933 910 3938
59 496 46514
341 330 19779
463 68 82562
847 8 96021
330 92 10174
464 5 33225
605 799 31168
104 668 26293
698 417 25457
677 283 8170
808 611 94050
630 31 44323
723 185 56207
593 993 1366
814 269 84570
817 386 25480
240 399 50593
753 180 68835
610 955 44828
576 491 17707
138 603 91121
258 899 14285
205 230 63609
934 319 34533
393 884 14177
185 782 92027
235 360 50296
797 169 53514
265 404 34930
158 728 80197
876 6 52891
597 510 28089
154 302 87624
658 236 22343
751 464 50620
253 865 20640
981 853 74455
246 44 11443
142 581 92161
173 717 2227
994 308 18037
940 845 62904
130 505 99422
558 311 54272
121 515 77408
847 445 46534
489 35 65290
627 896 42759
433 856 28652
401 17 8737
30 903 38434
466 40 50444
453 874 89733
235 990 98303
792 559 48304
90 646 39070
247 897 56072
666 366 70599
66 73 44083
125 777 62837
407 688 89010
630 86 36017
140 225 58516
787 268 73972
259 687 17986
559 742 78240
122 733 58777
312 170 99425
132 86 58805
939 928 6796
120 991 80800
596 450 92547
647 281 10312
377 410 47360
163 552 68247
147 310 48595
945 599 13733
667 438 55556
494 351 20983
496 494 10940
102 98 21768
500 59 11936
543 658 95484
291 917 78786
807 596 54493
526 803 2611
206 41 95947
830 267 6546
439 133 89314
596 407 5843
387 766 85191
377 538 95614
890 893 82044
554 768 63977
614 96 41474
813 728 25600
779 117 42732
312 439 66862
177 523 44102
521 804 35109
797 647 80844
195 639 35363
372 145 95724
227 557 43298
563 907 53081
746 239 44964
675 80 23053
676 451 61775
134 602 82076
558 266 73977
326 271 51438
706 195 45595
367 64 64986
722 33 24780
58 131 14864
158 821 30801
715 62 65035
749 502 79054
527 838 59578
945 68 65454
922 657 37624
773 996 46629
55 438 18558
386 314 74183
39 969 31511
412 137 46112
345 534 57312
814 668 78711
713 387 50258
945 405 48120
999 594 70018
721 588 16969
214 355 63153
201 551 18033
468 383 21303
326 748 3552
859 102 76173
659 33 76793
413 636 42214
698 432 22560
462 651 6523
254 39 33299
958 682 50018
872 155 69840
654 887 41489
299 865 24943
568 671 88823
860 217 95088
397 101 52023
98 282 87260
122 192 28427
905 717 32561
762 149 78765
110 846 61134
561 262 65015
7 653 62251
458 981 8163
64 514 74465
719 527 40461
179 446 57275
313 636 62234
998 141 13458
735 292 57481
342 863 71131
853 494 45836
838 43 35893
950 580 48859
782 886 99798
361 333 51988
368 780 50508
21 856 85199
68 776 44662
529 291 94881
659 603 14532
863 288 9534
285 656 55961
727 185 43318
394 160 82224
629 900 30518
628 894 74773
370 151 94284
505 376 14069
513 753 82168
941 668 99128
178 402 96417
805 196 86736
848 476 84036
331 734 92624
495 212 16492
638 718 97868
92 936 83502
487 401 54288
961 842 64872
642 598 65435
580 362 38652
539 275 85424
237 521 44093
581 806 18775
119 668 81065
413 291 99063
13 253 45537
542 69 18632
55 588 27713
27 752 31092
406 991 81284
585 560 62875
631 190 97015
826 10 3428
448 588 95247
337 386 61185
890 480 31688
421 444 86412
808 822 30343
689 376 59186
94 25 33418
699 909 81860
707 418 95111
834 917 16960
94 121 95650
804 252 3117
593 208 14713
746 605 86550
991 614 84442
115 357 3859
222 790 21553
419 156 67383
596 962 85140
212 591 39378
30 476 19888
137 303 80815
343 412 69083
77 76 90339
84 456 10820
436 430 82911
814 968 29554
612 816 97806
122 677 16631
397 196 99600
914 822 10001
156 254 89679
835 405 88559
714 820 90168
948 802 2801
360 607 2321
872 167 70147
81 33 80087
165 462 92008
942 279 64252
822 60 74731
634 637 34561
417 438 55016
81 994 27521
606 732 12213
221 419 64554
487 830 9511
852 389 34853
628 11 66402
707 999 89346
21 272 60737
817 887 84556
465 115 9106
757 361 73567
500 588 63448
527 904 31571
496 558 68216
501 436 11726
786 859 47501
543 654 41083
201 783 18827
103 724 65309
618 197 7992
458 168 10171
362 496 68259
359 616 13275
865 175 52729
888 769 8444
26 826 5402
787 268 4376
559 659 21670
230 294 41877
666 741 51602
403 410 8925
484 205 38150
890 842 57867
167 262 51615
191 568 23661
701 693 43317
711 187 21074
65 184 70621
950 771 7544
647 475 60732
93 487 87767
679 650 17325
709 78 90460
94 420 19063
443 995 40175
128 283 6912
570 71 14041
974 696 43943
931 364 87180
982 764 76399
355 262 21964
261 473 22986
78 204 98332
223 403 40945
176 957 96119
732 25 71681
435 687 12029
231 76 21995
485 927 5553
499 256 97982
973 133 76242
697 953 86080
227 534 18307
370 232 95272
654 645 56079
123 854 1188
948 579 80089
99 884 96372
79 58 9248
470 714 14713
329 95 59404
278 935 94161
115 855 77106
589 486 52681
258 819 20844
83 585 30812
341 706 10729
253 501 86824
559 385 14707
260 238 56996
690 833 975
77 922 71331
189 781 30136
35 121 57027
515 739 46911
570 992 25350
258 624 15505
479 47 53998
643 861 80427
136 494 3963
414 358 46163
278 392 21572
27 186 29812
638 243 18367
997 98 4876
239 168 65334
278 12 15810
966 976 16043
852 294 40282
377 453 4005
761 952 92642
591 159 32799
853 210 81905
119 992 47637
388 84 70820
99 701 12411
994 276 50506
317 339 94454
103 963 42210
142 799 94216
977 322 15391
144 937 59718
315 371 48184
24 288 82250
456 254 13961
908 577 66895
867 625 54751
187 382 31758
474 987 34787
470 842 79232
239 206 89788
469 498 21890
628 675 95106
206 900 12504
611 835 30235
452 934 39598
455 559 47410
222 399 27723
726 832 19943
578 275 67681
843 723 58656
396 938 84876
332 960 57758
613 796 61418
644 3 30741
597 368 80832
689 779 7742
535 669 11651
868 34 42484
47 703 25265
196 90 52207
157 39 84788
297 30 61960
723 453 68365
356 344 49796
925 624 20256
582 568 610
172 281 58697
671 231 35620
382 142 98943
539 817 25813
512 11 39753
544 181 84648
865 940 52976
693 240 78277
808 106 52634
120 42 96318
643 827 16146
221 208 16129
645 733 75128
127 287 47675
390 896 50211
979 702 71491
427 218 9966
130 967 22033
243 260 75523
462 334 35640
978 425 24941
673 62 6805
471 658 58210
735 795 28028
918 227 36795
670 423 61440
6 525 39215
405 638 48295
671 855 84600
646 230 70673
549 633 31826
181 790 79484
818 653 15936
571 418 97345
234 554 73424
681 606 69943
597 185 74526
659 381 927
834 780 23978
429 825 92507
711 615 51850
298 845 21903
60 816 27697
63 996 96505
32 220 51215
287 485 87139
793 468 66444
163 405 59532
500 58 86616
485 522 458
38 269 77083
875 279 13680
590 6 29875
151 768 57422
285 44 53373
630 989 89747
852 746 44123
342 185 6173
636 632 91485
902 429 29533
245 383 39540
948 253 47179
27 263 6139
867 647 54686
251 676 41538
642 315 8520
556 929 96433
719 458 51330
342 314 38087
407 416 32152
232 427 80060
236 728 87311
736 154 58479
451 861 64319
762 667 26425
12 823 17881
626 18 70905
348 908 90850
355 347 64936
55 798 36638
345 617 85021
36 101 71317
505 975 26673
309 86 93281
207 709 50628
871 341 86734
825 223 86835
457 255 53228
722 946 35522
211 915 84151
170 268 77861
456 951 22547
431 190 81392
655 865 53866
831 918 9616
433 846 49152
911 542 96676
754 758 29397
975 201 39371
274 720 18625
471 659 59392
242 375 98252
425 653 28472
1 419 7479
506 271 42584
818 187 30336
327 662 1668
311 919 83093
348 45 31101
70 823 16920
459 478 20035
304 674 74665
175 866 69601
999 850 47693
768 369 24096
488 262 28978
86 910 99407
512 412 34048
641 249 2556
841 698 39370
324 710 83819
526 429 91882
812 449 47306
239 968 94035
366 154 9853
568 274 45823
826 746 38092
217 537 62908
571 340 75333
969 329 15090
348 430 90244
990 564 78445
985 166 28052
880 849 89996
415 434 63644
10 375 85053
463 298 93663
303 183 38883
169 252 45239
752 251 10938
772 713 26374
605 878 36330
444 460 18348
82 210 48231
120 674 82254
958 821 31806
573 992 43462
133 109 2502
888 98 37352
609 29 89670
335 354 75980
432 417 61572
636 720 85734
562 332 95116
222 535 36206
428 886 33160
523 477 67361
367 441 63543
8 176 72211
494 278 54769
224 892 44206
835 621 8402
839 468 68895
447 710 48890
822 326 95257
313 163 59444
500 638 39232
245 311 44309
30 63 98024
201 134 9886
534 951 77733
71 768 36893
997 929 92218
134 447 19954
384 456 35921
996 311 14429
934 85 89354
594 477 68287
190 33 38786
475 663 1076
259 676 79148
840 20 10190
305 367 45173
437 907 72209
614 785 63273
983 585 32659
990 985 50840
85 873 21218
927 768 55079
846 527 6785
233 271 17026
451 152 58668
229 351 21609
100 863 84022
337 384 94915
405 887 16032
227 1 36549
457 217 1352
696 278 63595
913 429 68591
997 257 4000
165 135 56059
191 72 32749
500 266 52124
540 941 6636
648 46 89150
266 548 34595
592 505 47638
179 5 13156
198 493 87624
586 129 69791
625 111 49161
429 967 73973
176 459 13654
152 424 32714
967 170 8082
650 707 25153
830 688 25644
806 824 37119
912 121 19671
724 865 9745
875 458 92369
905 887 23971
476 629 35106
917 463 15754
462 665 66639
799 633 46257
515 52 96190
966 921 61129
960 848 25599
279 998 67451
274 391 71595
752 113 76562
466 475 90218
272 32 67406
264 830 64340
327 138 32182
114 532 11028
960 280 76123
206 150 74233
741 576 91861
599 860 89727
267 749 87976
279 70 13976
690 398 56648
832 753 46580
684 679 1557
795 42 44646
788 442 65067
606 207 43205
159 228 62995
400 460 92378
49 322 83815
411 664 79535
640 561 7469
89 197 13253
72 473 78388
227 199 5839
742 989 60202
127 355 65407
971 999 59720
658 107 44425
230 756 506
540 663 51582
766 297 83679
524 485 66061
468 762 24714
57 119 85064
593 821 54975
749 711 20014
370 202 33882
325 535 69443
140 282 49112
249 284 12872
857 659 692
200 827 68681
817 629 27407
1000 711 33862
192 718 57128
597 270 58317
616 196 9202
2 59 69978
631 994 31384
789 480 24583
89 951 18787
243 268 69135
201 569 97615
163 872 92286
854 609 89613
38 141 74487
299 577 254
478 288 278
155 567 1553
526 671 2340
243 930 54328
234 94 54853
860 33 82241
181 996 81190
422 948 59749
63 513 29450
786 683 1509
847 940 49783
470 731 36213
925 623 97243
584 982 7028
848 610 18848
27 16 41795
298 606 89008
620 165 54516
332 705 60855
444 684 56066
761 528 48974
361 763 57377
124 770 75950
227 221 56847
877 823 76721
298 557 87961
789 989 19733
808 762 22835
769 799 72296
299 127 42273
536 509 43174
535 806 76870
290 894 92588
219 652 34691
774 572 83458
759 461 39227
615 127 8175
323 640 10720
267 612 39249
4 662 67648
137 921 77019
181 197 55054
424 599 21042
454 153 63169
885 299 82968
505 112 47292
919 295 22758
978 810 52756
289 290 80823
147 379 28788
140 690 27287
64 413 3790
744 455 45489
549 983 62158
660 671 91390
677 480 31112
187 626 1599
572 421 99128
644 979 91160
883 921 6712
140 379 58778
601 568 27900
932 871 37704
986 475 62557
752 899 71499
995 728 62879
948 698 19557
556 393 3355
896 336 29664
608 960 6782
810 606 46612
227 48 60920
410 41 51088
113 432 94029
578 484 23807
10 30 83638
962 364 24507
480 3 52654
277 459 25313
672 2 78
777 546 54960
85 50 84592
444 183 46552
429 868 13724
845 169 84370
656 347 84935
821 45 81625
12 870 80616
689 763 50891
920 390 36500
433 340 63430
339 489 96556
176 980 15435
316 609 97443
772 873 9680
795 145 1595
21 22 3264
41 322 53249
759 398 39738
496 299 5032
469 501 64489
373 509 16041
202 560 23719
194 390 67059
84 622 62205
782 656 79841
620 58 53145
292 653 89047
752 608 88449
501 825 69960
72 9 18607
627 246 78768
354 637 1942
300 606 37139
683 536 79020
233 311 71059
775 403 73989
787 458 13311
727 413 16362
920 795 93262
82 374 51563
174 997 33127
90 130 64691
686 650 67436
472 757 59406
57 290 2291
403 97 95857
7 522 6863
85 219 86968
590 165 77738
813 464 74653
973 343 77081
177 731 33336
293 324 85651
258 990 57592
361 584 80733
381 122 19260
393 956 47635
713 21 46384
25 201 82551
716 992 45906
37 260 41994
556 910 49070
983 113 5552
29 127 21769
906 508 78505
379 392 12239
515 881 73280
502 252 85694
687 730 74063
71 662 55613
23 171 66032
355 56 35689
356 405 54038
333 418 1371
475 553 76536
845 851 2216
229 835 2652
395 499 57263
870 512 30167
85 558 19964
436 347 36223
935 103 58334
913 695 47950
625 225 36552
703 522 86851
843 519 69207
758 928 6744
70 442 79826
371 288 18655
480 315 90285
849 220 24577
664 311 52283
208 160 67698
209 895 12830
569 755 79436
850 702 83378
530 385 56600
398 669 96642
873 578 88996
13 822 33099
336 681 24591
754 433 41482
119 397 86787
173 13 23705
483 695 89231
614 286 19793
560 205 9856
416 191 17884
426 153 97341
641 314 33361
717 882 7049
181 798 53570
342 382 8721
862 12 45311
944 705 68392
33 243 48517
368 80 14334
492 437 41142
180 213 98296
940 820 89756
471 266 74675
596 131 95019
180 607 53082
703 407 38578
79 141 94341
614 702 25467
49 297 11906
918 210 47172
754 851 4572
138 200 17558
888 724 38104
874 845 40634
700 280 75311
598 175 14987
386 246 72236
731 411 51344
247 687 40356
365 896 96644
29 183 42536
115 885 46952
292 634 58863
79 255 76669
478 137 37360
722 528 23309
96 33 33936
307 597 64390
196 693 99686
520 882 46168
325 361 38230
60 557 2216
655 371 55823
174 45 83729
225 439 18523
156 986 9661
475 289 66638
770 232 19051
354 626 37906
898 417 43467
339 669 12031
620 964 57825
153 828 3543
790 764 25635
41 454 60736
604 974 82605
950 598 89878
942 537 10328
786 210 13047
990 391 14224
687 724 69482
448 185 94799
208 934 92895
114 609 68273
359 781 8573
311 122 19734
329 896 99473
316 381 97029
879 552 77683
94 554 14749
280 263 54403
842 861 11126
688 544 64249
986 537 82014
489 847 6213
549 312 315
208 927 93134
168 386 24225
819 871 14040
7 89 49775
424 632 42726
636 957 39599
487 577 32322
254 142 55732
121 847 5168
461 302 34110
970 849 86417
768 517 75733
256 315 98991
473 463 42798
104 363 49442
434 848 38089
869 786 77357
28 819 91245
890 347 99828
757 153 18792
480 552 69731
464 265 54210
25 396 78965
324 333 4965
317 751 19842
834 193 53434
858 895 1704
351 257 91606
521 881 52643
906 878 56520
870 210 51806
268 913 34673
788 236 36282
169 441 87896
626 896 68227
549 93 77814
893 973 96965
178 633 51694
159 660 43542
456 905 60828
166 537 1414
305 729 20078
610 220 91683
405 722 79450
69 934 25313
764 623 5537
189 587 62048
946 103 5797
131 189 35460
624 974 19871
77 567 87918
612 987 89028
123 47 50791
235 550 68862
988 204 11830
63 9 2675
788 709 99739
888 938 80356
58 673 85549
369 610 53588
798 316 79705
758 838 34937
964 228 95986
238 484 1120
428 355 34214
545 524 81855
346 717 55704
775 587 88487
446 810 12109
305 527 77623
224 27 52783
662 762 17272
102 558 88464
275 245 5868
193 237 37537
870 751 52374
878 609 23089
449 616 75620
822 171 43405
23 892 16693
756 793 32469
718 497 75830
425 617 59078
649 432 2641
745 287 24918
862 392 15625
90 441 14423
451 621 90654
71 137 99809
963 99 56988
460 488 52410
738 319 1994
643 463 14911
896 379 78307
418 601 97233
638 446 48345
799 165 33112
807 332 26274
102 452 52335
752 596 35905
668 252 40708
45 400 88067
538 510 3628
240 124 73568
946 325 98974
680 327 47141
181 383 48630
935 162 97710
262 752 65760
581 41 90166
204 577 92235
217 685 46225
825 350 82762
242 952 15626
314 841 72531
957 895 78298
302 970 53533
59 946 35732
59 729 75627
227 266 67442
943 930 41995
249 602 46825
411 973 75235
694 599 96116
690 32 83232
735 411 89644
37 950 23815
987 602 32896
128 537 84384
268 80 9786
29 940 62249
448 271 17405
874 827 2297
185 854 94599
504 141 80147
337 683 37136
670 504 37977
793 349 13483
603 237 16932
663 615 3850
815 398 96637
302 858 93733
57 66 48857
461 806 27240
890 796 92514
702 453 8862
976 977 56190
29 648 9365
978 272 19983
37 930 15834
78 717 46112
709 668 14270
6 553 90521
351 883 56110
278 130 34779
880 517 85918
427 339 55821
659 708 47160
29 408 11194
889 182 42322
132 425 59456
189 767 93406
413 976 87809
530 357 34556
669 420 16337
465 739 75162
866 750 52701
975 940 44014
612 151 36233
221 455 53212
778 700 50819
390 620 27816
971 939 19685
668 789 38430
36 633 59118
701 401 66149
612 889 76132
918 26 45607
939 42 96934
655 397 77154
685 41 11388
39 343 15330
231 678 8460
296 645 41637
786 128 88503
367 117 54970
924 824 86445
521 29 18013
229 82 64543
203 712 3684
412 587 54334
869 342 2497
413 194 60149
157 9 6838
816 553 7517
93 235 38856
833 503 32310
818 317 45851
104 779 40633
400 499 72848
99 593 13508
417 488 42457
872 385 72074
456 831 13175
766 244 57902
343 526 90793
673 547 8441
309 271 69215
516 197 65442
945 292 58716
55 375 89176
294 730 44036
584 926 81789
12 908 29168
833 312 89065
32 9 43366
225 553 87891
42 380 70731
824 946 15385
140 417 5599
865 374 89756
442 129 93996
915 140 95809
516 96 6003
75 622 67476
969 858 15856
279 691 58977
870 973 83432
571 565 3607
992 874 12103
561 30 94679
783 248 7305
506 284 59997
29 110 5176
64 152 91187
118 698 70312
635 539 4053
813 668 44422
129 204 6738
876 235 30918
38 652 30793
128 363 36892
602 981 37229
717 528 33357
160 602 36517
447 156 86041
785 405 44852
159 681 53081
107 91 79576
199 911 2261
253 923 54849
759 934 91468
756 863 16702
847 951 10502
772 288 42552
111 558 64579
8 452 3672
96 921 69960
312 211 42406
184 405 55256
244 895 30449
796 409 39751
195 447 10564
521 1000 91898
415 261 92595
563 990 34637
32 121 96482
645 444 64768
537 689 34746
74 26 95514
910 871 52651
86 84 38813
833 75 72720
152 811 45587
102 692 95487
29 252 56532
95 431 50605
823 84 7382
844 120 76041
337 8 39053
990 440 36617
169 229 27020
938 887 813
696 840 57449
617 601 80171
5 78 74470
777 539 58333
719 945 43215
919 314 97005
205 161 64157
246 128 46138
680 435 56838
371 762 11013
768 157 4452
445 132 17863
979 903 66498
399 244 12562
853 30 82618
67 741 29326
574 691 91011
837 256 78757
553 386 77289
965 877 36372
465 163 36546
625 573 78089
34 651 54414
582 129 40909
773 721 26625
3 675 93629
357 971 40114
926 304 63425
428 521 49351
41 702 26816
328 607 95930
728 775 14776
457 207 6862
705 872 10775
747 524 50856
410 259 86554
794 252 56279
232 60 18799
757 763 32874
774 20 72026
624 728 16330
787 873 37103
496 742 17730
876 163 62884
751 692 70760
790 923 9221
378 422 95530
535 452 97516
902 468 79526
360 9 58965
800 184 10074
341 38 70336
742 561 70768
939 919 4120
541 102 78440
294 700 73584
590 149 19814
814 652 21400
545 397 93588
812 630 26572
356 187 69781
310 391 76262
56 689 74999
829 161 26070
484 311 72081
904 475 36950
852 981 95212
695 950 59584
796 868 90843
428 34 36110
4 948 61111
423 899 66980
695 94 26536
790 36 76499
945 487 18004
807 234 59515
927 839 66915
268 246 83906
795 788 46527
6 240 15739
109 315 50581
655 40 3057
632 685 65506
235 63 25459
370 906 85
357 430 74622
870 203 58573
557 624 61114
147 558 66475
992 855 92525
86 868 27033
37 121 71238
836 15 4508
932 289 2862
167 715 5342
985 812 21902
197 29 71987
852 113 85040
93 240 1779
388 582 42412
320 370 98089
121 768 83418
679 397 73270
991 51 45592
610 174 62133
642 332 30631
779 151 99270
751 545 87384
768 940 72499
605 390 97986
615 488 19985
753 900 29960
343 512 5852
462 66 89876
795 253 31145
542 891 75212
315 621 84426
963 459 67229
254 866 31003
419 788 92443
531 681 89761
625 650 19542
652 973 56725
310 508 32152
771 224 29663
503 619 14129
289 589 91341
432 161 54180
156 25 76086
923 24 64969
850 646 2834
181 519 389
180 506 3866
848 535 28309
643 101 66901
792 15 92196
695 811 82916
300 826 65432
810 807 72312
131 71 11244
857 423 78841
195 902 77161
252 477 69090
972 302 54715
747 946 60321
40 570 63089
926 711 31534
49 264 30515
456 989 54637
802 216 46547
267 200 76294
146 730 12885
152 358 65084
548 658 9957
632 635 78680
822 395 5839
460 227 4357
993 635 87235
286 367 72769
300 945 81473
372 392 75942
402 148 93011
972 889 12501
993 785 37544
296 581 14193
227 340 37530
266 604 44552
102 872 67783
404 706 90155
138 913 17984
823 386 25068
264 30 43734
967 511 91649
562 812 61888
827 315 93251
741 181 35087
677 30 23434
164 66 17678
135 96 22171
872 854 95455
602 419 99788
467 600 1110
363 228 81492
945 762 18253
282 578 14943
868 938 31304
435 665 33075
383 646 28470
427 657 29289
857 724 81666
328 294 45070
581 879 51079
307 679 98921
655 832 51046
418 962 68521
230 695 24505
60 618 16127
330 94 23812
66 694 66530
585 442 26671
534 954 78595
942 950 59912
82 508 55453
949 978 92104
732 30 29208
266 839 14435
724 548 94119
235 596 10969
101 686 85069
566 678 49437
308 888 60171
782 496 62477
685 59 95420
428 221 49949
509 536 76729
754 805 36116
924 880 48653
2 100 67385
931 648 90686
878 447 93194
654 123 71136
326 701 75779
112 885 8253
440 683 50082
185 381 76386
556 60 26143
483 1 75853
119 992 90659
713 705 37441
563 702 96815
185 621 58961
580 192 62835
646 424 54620
973 202 19514
291 961 29666
693 86 12562
199 179 46331
988 422 28019
74 911 90487
70 965 3510
329 848 35425
895 502 85922
811 860 82157
300 999 48287
272 403 49763
960 758 22241
42 984 38443
85 304 39556
377 49 66181
692 836 58907
775 602 43658
594 90 14292
911 201 39216
382 820 16361
290 354 5491
129 750 39666
849 602 24745
863 729 68747
336 206 16652
221 846 85318
634 252 56349
427 159 54876
778 185 71142
385 378 26695
763 469 60830
124 636 58443
522 957 51169
886 875 59856
345 215 57432
343 254 10565
288 259 59395
737 386 45297
932 402 9507
386 630 29629
958 668 9067
284 261 74991
432 298 54612
89 264 66704
286 122 92765
219 422 59648
62 427 95118
470 838 18872
479 338 85089
507 84 85163
47 424 17449
418 940 97726
291 778 16577
836 214 52294
490 767 33808
401 31 13807
469 839 22547
721 514 40059
630 433 3986
838 741 67875
501 244 67520
595 924 80360
243 894 78830
783 255 16222
280 429 85614
602 74 90264
362 118 77352
409 931 8432
668 146 76169
1 398 70106
767 572 17811
420 152 19470
79 269 11581
647 404 29541
926 693 14086
891 642 63574
114 231 64994
176 52 97772
942 398 39172
261 614 30992
875 314 19907
370 774 48026
415 69 53691
998 383 47802
891 690 49399
816 853 79239
857 468 37259
182 633 2099
174 986 18772
450 212 24033
967 154 76930
706 163 32817
899 335 59862
242 822 65346
380 27 21694
519 469 5434
432 122 47528
810 691 27227
688 954 87818
47 783 56604
201 541 42265
797 292 56930
261 978 60679
401 345 89140
376 881 69095
864 482 14447
32 526 67501
44 117 47720
284 47 69735
21 18 84255
260 97 98207
137 685 62297
41 149 86927
445 469 74550
230 176 86440
814 272 49010
978 829 37035
821 935 73082
326 502 32172
652 823 97523
609 339 89052
22 134 60877
48 624 66561
783 614 54801
490 546 86522
385 926 84124
920 226 88296
994 919 64789
600 174 92260
712 668 91240
34 131 23679
775 532 32676
914 496 61016
169 660 27718
639 679 4572
466 704 6161
372 414 77234
907 716 70314
800 601 76284
971 606 54164
107 149 89534
880 437 12898
507 959 49497
635 541 60172
308 78 16786
923 415 79716
288 492 15082
172 684 50620
205 404 33020
896 671 64406
437 189 11190
355 706 16989
602 319 97586
602 855 38748
841 395 37897
582 282 84259
536 44 35017
239 619 23018
571 718 40862
697 454 40464
264 256 44159
363 699 82152
531 738 28215
71 757 12087
265 831 19955
437 921 40923
866 589 20036
646 891 10045
639 691 1912
137 997 55603
291 699 47698
962 210 60118
957 193 94801
379 587 80234
189 87 89465
840 245 48148
863 148 72040
95 316 86272
822 604 20057
317 455 71746
387 194 37841
505 299 94876
738 651 16528
682 756 74805
47 128 37480
781 324 69938
768 8 71797
826 857 11789
923 986 91262
360 883 68059
856 472 61567
862 461 15590
778 943 49081
2 259 24359
264 63 14800
366 564 95281
308 687 81433
41 37 21773
737 326 29084
875 864 38683
214 91 53729
623 285 2944
867 504 65418
409 82 4693
615 134 88671
60 690 46020
189 581 59316
796 199 71453
170 438 84230
236 570 18242
289 907 54095
209 405 25960
272 59 51594
565 82 33030
979 795 70407
124 410 95551
77 363 1665
898 611 24161
571 796 93054
377 128 63577
825 777 46376
185 471 37824
936 43 46602
220 739 75933
509 674 18034
490 384 83495
8 489 66122
38 635 55988
740 629 96211
950 210 49885
735 844 76458
890 478 7087
295 743 61374
534 885 12507
170 57 90041
918 379 21715
472 461 72400
633 154 38748
999 109 23552
413 452 32250
912 426 429
915 385 77552
653 349 89118
507 515 45616
173 444 98668
355 933 61652
908 81 43537
371 973 27762
32 378 70262
317 483 47714
687 865 92515
110 220 78516
882 349 62048
671 610 83325
954 137 9431
86 644 49518
452 108 62866
760 737 83185
866 75 49856
219 949 16860
674 542 99872
85 765 19192
293 149 87163
608 315 58402
289 426 9178
321 386 32560
292 499 30672
157 7 73013
292 240 78218
504 903 42303
327 640 73763
509 104 76388
242 115 66947
595 389 49304
417 1 15585
63 760 39558
687 412 48169
616 355 29423
247 858 19135
787 661 79884
66 990 85283
916 209 96224
978 927 42672
924 149 40529
899 290 84428
97 989 38098
545 780 27696
510 689 44277
10 193 15334
210 990 92435
844 518 70394
922 282 35489
519 570 15155
272 391 15299
628 307 15090
378 998 92812
130 712 91520
78 875 64359
865 922 74602
211 228 27090
748 44 9239
409 497 40732
687 69 4930
729 172 97548
101 16 77668
162 345 66468
334 829 87239
716 991 32984
962 970 58156
550 762 22991
398 737 4368
481 26 33517
277 940 15920
779 362 77699
801 926 14195
78 229 12933
813 637 24633
774 754 64551
997 7 44617
396 708 9129
714 187 87212
886 703 70436
51 247 57057
907 989 54051
586 325 45635
511 307 57620
8 408 20855
921 700 20833
827 356 69941
253 269 5849
489 728 30933
588 690 76349
707 889 97129
298 518 30989
453 8 98904
508 293 37984
83 620 32037
297 494 14887
216 793 5713
81 423 36225
462 538 91973
957 524 15898
872 487 97583
406 766 93495
391 379 68261
927 626 20478
92 919 41839
218 587 6925
322 454 28380
677 631 66906
156 867 49901
910 576 99770
584 429 48306
325 422 26736
127 441 5745
617 642 22365
453 627 6169
273 953 5340
801 595 42700
275 760 35642
809 129 27813
788 707 58761
777 410 86254
251 345 31442
281 298 89672
584 133 82027
560 359 33853
86 445 74693
808 230 27992
716 927 40649
270 974 69561
194 493 31510
297 935 78513
850 773 5323
61 526 89652
711 930 16614
322 451 8443
827 604 45815
924 630 3889
590 834 86193
183 278 46920
612 450 3931
39 449 56515
202 70 48500
878 501 32562
216 761 82974
666 309 6706
900 676 13983
203 984 12206
477 147 48618
786 958 40053
794 271 33625
827 581 9708
873 623 91963
153 548 13353
112 845 90683
103 893 97446
780 755 9001
841 639 41600
181 867 78273
537 533 83810
368 848 40085
520 751 33173
696 103 78777
151 529 23266
381 72 5467
191 629 7206
536 594 43758
427 857 60038
678 515 46267
52 904 43298
957 958 93251
327 550 60411
124 343 12922
347 955 43811
360 31 691
901 89 15959
836 710 29174
597 63 61949
216 406 12677
510 951 92949
337 130 67722
537 176 98838
579 696 49558
238 843 5856
988 462 29743
740 630 51660
990 155 93006
942 125 18601
117 707 35096
525 970 43818
780 252 16727
747 678 58405
746 441 45283
568 61 96607
537 540 98310
971 895 45022
837 215 16093
659 894 9374
2 558 69853
728 993 13426
190 259 40798
772 975 806
765 508 2048
458 761 41244
956 167 62370
558 977 83568
577 608 45418
145 322 3744
513 79 37983
247 328 94799
548 571 51671
485 334 32132
965 701 7387
138 273 49673
147 115 19886
289 947 41271
888 489 48115
919 277 5173
669 705 56104
481 389 98886
40 416 22832
224 714 9200
935 832 50401
521 8 49534
10 795 24422
280 140 78081
8 833 14715
598 646 70358
461 541 71935
753 309 72880
167 504 41935
156 517 1937
280 348 21750
795 702 2911
277 573 9978
941 209 64801
517 141 9424
520 647 64783
151 530 94068
89 19 91963
894 732 12687
440 878 45090
672 754 53529
63 605 79379
657 944 19884
10 723 83124
490 191 97399
845 322 93701
895 710 13343
758 415 29341
957 3 23368
607 138 3152
584 170 37225
177 193 29218
941 998 28356
186 559 92196
296 495 9381
102 177 30167
299 959 34736
939 685 40003
846 890 77744
131 32 70720
150 752 40535
853 560 12426
596 905 35918
329 88 56604
670 854 3484
113 669 53597
10 612 58702
20 85 26388
235 479 257
811 989 48679
698 751 552
853 138 70359
59 657 73746
623 81 97184
794 997 87197
789 718 25384
744 275 79562
677 99 98938
969 481 17021
454 327 57594
385 144 51596
379 361 28445
660 683 86450
330 842 41039
329 862 34898
219 915 35065
277 881 27169
587 287 37477
623 333 66910
212 132 61815
29 549 37812
747 862 16549
637 808 79084
739 445 52320
994 487 19232
74 220 43323
204 589 14284
489 135 93805
431 718 4950
619 223 9430
334 178 64331
453 746 30526
239 731 67628
168 744 50927
509 834 94659
42 841 84254
65 146 97573
889 296 59105
48 986 56782
8 336 19575
793 514 80811
760 525 22782
274 906 62246
957 722 50114
514 542 72709
780 630 34032
714 890 62408
572 5 85456
991 198 34750
330 668 76991
374 930 22688
136 277 21448
615 14 59377
909 337 38159
132 377 55020
878 85 72366
704 698 42919
499 766 86738
738 901 92041
294 317 95
2 550 88206
518 489 37418
878 880 26412
352 457 7584
353 314 64744
667 131 32483
489 908 69551
462 860 24430
850 54 80730
239 515 752
868 545 29006
700 80 52741
835 139 14719
44 749 56315
705 537 78552
80 518 9094
305 850 29979
705 240 8867
949 57 74398
445 781 25598
229 989 12961
738 727 5965
370 301 91475
113 601 34041
746 99 41384
920 754 60166
856 873 97312
955 824 92325
178 175 6961
522 171 93342
569 948 36662
561 876 27169
788 881 85658
995 759 99200
538 860 78786
742 518 45052
652 84 65686
349 156 63489
447 655 19228
936 458 78176
386 554 71669
300 739 29698
774 364 2143
309 119 76164
320 611 99622
319 644 61249
997 837 38286
35 713 44495
750 211 18295
304 159 21954
979 313 92522
949 118 71859
680 934 77056
129 749 98700
505 288 10448
661 729 32708
526 534 13912
355 935 80484
676 601 72926
195 679 78254
336 173 91195
995 575 23524
569 327 32103
826 77 75159
993 530 70264
447 275 36753
482 957 19505
11 710 42174
804 96 59931
388 56 40271
201 421 48594
856 866 17569
299 833 99635
531 369 4017
670 554 1650
428 236 69837
182 905 96379
765 597 81237
708 993 22821
270 973 54200
279 789 62034
442 794 95861
893 120 99118
605 248 4035
692 360 79242
212 169 64114
505 1 18072
315 360 78261
792 870 74330
691 626 11508
449 804 38168
444 677 57494
556 5 19786
401 54 87198
909 585 81447
739 645 85350
692 850 22745
693 921 88472
820 883 27321
738 181 43404
635 101 96981
396 866 90851
297 681 2006
918 677 80935
956 144 96604
745 34 77530
837 744 9203
59 751 49305
694 675 92769
994 191 28272
905 790 85186
944 342 27294
744 958 96870
181 23 62112
818 223 64874
712 434 6478
872 438 75979
592 676 72292
580 575 23469
361 122 56667
705 533 73280
944 328 64929
584 607 19656
523 240 71712
239 430 32617
857 449 66367
960 603 25452
908 495 97963
751 674 15893
764 659 9211
474 440 81031
446 50 49889
511 417 43663
303 927 28930
452 244 57793
878 413 79392
843 798 95673
623 892 51092
686 996 98654
577 148 42521
192 356 84852
937 537 57385
815 647 74872
324 874 994
375 447 35110
153 545 93798
726 318 41639
733 35 85724
904 210 90087
697 13 84500
94 831 2763
374 712 29675
413 922 10568
78 553 34273
130 301 77900
86 8 52428
103 978 44153
390 618 46938
216 397 20069
801 804 71820
707 577 3410
394 1 45277
315 7 94575
78 405 60308
482 288 5586
386 130 18963
775 191 73734
729 320 34809
537 396 3528
643 261 47919
774 487 3957
861 535 7374
849 36 7443
645 370 2103
602 325 94860
427 100 13606
836 719 40016
619 186 24425
929 815 66676
104 61 3521
651 785 25749
936 188 33763
652 42 96456
353 284 51793
749 740 89568
140 680 93798
121 241 48690
928 354 21473
692 229 65608
430 975 4186
990 829 75420
290 337 18888
631 364 75103
288 307 41003
801 76 5816
388 688 64314
422 925 37852
339 989 54266
651 133 92302
446 171 75993
906 615 27816
752 973 29090
951 197 3858
279 684 70545
759 433 21319
400 722 37885
415 687 8944
604 317 69359
520 277 56372
955 532 33819
764 66 24200
21 490 66556
282 366 95110
625 556 10296
987 975 35223
220 234 60342
41 375 49759
308 77 24811
936 854 85456
615 90 59629
768 499 24847
152 928 94227
910 909 62044
875 225 89146
586 157 60728
245 911 47761
696 549 12387
870 44 89197
701 960 71875
763 613 30306
603 159 60276
556 971 82534
951 589 79929
587 608 53161
372 54 11568
645 930 29718
62 808 29771
219 45 41389
293 503 46945
978 656 40993
524 719 1508
931 251 73638
880 335 7126
140 467 47181
47 988 39822
960 609 96961
334 258 2382
537 427 80612
459 317 27924
149 276 56998
227 7 30483
905 39 88664
937 321 45154
135 757 96694
793 172 96094
848 808 21862
836 453 49364
773 531 57065
840 114 36451
26 389 30059
526 117 86420
372 104 81631
979 458 73010
202 372 56026
314 436 11624
612 23 83405
234 181 46385
986 374 65865
58 797 69940
537 414 30647
557 721 14132
783 453 9295
727 269 87622
467 543 15178
676 656 13712
895 34 79264
849 395 35565
544 88 97666
249 997 41944
67 466 23696
690 398 22939
485 433 75622
503 439 91245
770 776 7354
175 527 24317
994 752 24285
329 449 54359
755 425 80747
430 67 36536
298 95 61642
761 587 30850
173 52 10969
641 766 53918
797 78 4676
342 68 45061
584 676 24511
384 108 41248
495 5 32337
12 799 24783
970 89 49767
357 883 9972
646 106 96392
868 23 80120
524 880 24422
771 755 57727
628 315 86935
37 360 54365
700 732 78458
304 33 30116
776 34 3450
112 828 30013
582 419 99106
537 447 6768
196 980 90365
369 167 52069
675 849 10026
610 186 9633
771 747 29448
755 490 68457
733 791 99066
249 836 51383
102 799 91657
160 492 25959
30 171 9440
983 91 29371
26 34 9120
181 518 83077
494 321 51066
73 543 75912
324 533 77432
764 779 64968
800 563 56457
202 666 18234
181 38 7794
279 613 84641
88 711 73202
307 319 90012
194 759 6263
545 108 62372
280 559 39412
526 445 7430
258 804 62603
491 4 57406
507 274 77161
220 594 12137
1000 227 89823
350 216 24454
453 512 52068
522 790 33457
407 12 32338
535 409 61592
524 971 84915
324 578 9042
781 617 39002
881 565 5340
958 898 58012
622 451 50245
33 930 50849
294 786 61260
823 593 43636
888 64 28264
917 70 73645
682 321 90361
295 840 48092
964 562 92912
60 12 57577
738 806 82480
142 628 98050
162 492 92565
630 139 27001
410 571 89851
95 12 32300
494 18 95969
787 688 72519
121 88 70582
481 628 34301
104 582 67815
140 619 70101
940 231 95034
506 238 56713
499 279 49201
959 372 29814
850 583 86322
468 92 54873
632 713 57112
53 279 50771
615 905 49119
369 450 21480
493 988 43895
113 109 2684
969 646 1319
270 486 61294
218 540 75251
264 503 59764
848 1 70575
826 162 68549
186 655 58983
809 774 44109
530 490 22526
340 473 9997
614 257 77462
862 228 26166
322 679 73608
650 972 13352
881 466 75242
366 487 91811
636 668 34577
995 812 52222
202 533 44484
194 349 93524
238 187 63536
664 858 52579
731 468 96127
98 597 42119
420 259 89083
504 550 25448
690 460 35241
789 152 86067
177 232 69325
497 921 31582
937 949 29920
737 127 1700
209 912 21127
304 558 28166
150 213 13482
742 930 52034
107 67 4040
302 762 76203
208 207 58760
412 747 93940
223 395 29339
36 65 59768
555 196 13783
199 945 34415
1000 848 80533
915 938 22864
520 554 21540
988 58 87219
401 45 81087
166 351 49511
523 43 29202
90 338 35657
628 842 88548
296 818 93559
48 810 36962
778 505 39053
599 884 92792
500 57 24940
734 962 24689
602 748 87990
679 706 97570
815 146 51549
390 386 33855
141 330 26844
132 883 76618
866 751 84513
364 706 80620
785 464 74443
134 982 37105
3 565 73956
220 278 91959
380 649 13659
280 950 94105
753 211 83912
430 293 73178
785 847 90352
47 467 42651
881 486 45963
771 942 15810
160 94 57406
630 290 73156
256 623 59019
706 957 57440
831 606 28898
763 521 15447
118 964 35897
484 280 79911
82 360 98791
49 415 91544
877 80 55964
827 528 23910
538 321 72231
124 813 20531
682 355 23704
83 667 23797
857 27 21846
128 121 98422
947 261 11592
735 576 93205
591 172 56583
80 433 18048
187 908 15440
57 504 91733
973 614 86369
655 305 34684
64 987 17106
430 292 57380
231 497 701
404 959 98591
757 152 3274
275 945 56033
360 477 92845
326 529 64880
674 311 85828
574 1 29273
755 106 47611
2 404 17461
17 175 11318
801 829 49562
891 724 66328
550 136 10392
133 498 89227
90 463 87264
221 881 50587
115 335 17058
285 257 54515
998 781 65580
943 230 55640
687 487 80770
598 34 47879
805 307 77283
563 680 38211
706 179 10408
35 307 74941
889 604 5831
290 298 79020
782 980 28661
649 848 87288
356 243 78174
781 112 25208
8 341 74544
896 72 90209
909 611 2378
74 175 31988
638 339 14292
874 325 9302
901 251 39615
715 980 86776
835 351 49508
727 404 60606
546 32 47522
442 307 47872
677 356 40170
307 842 79207
861 214 36947
597 9 17053
972 851 39755
750 827 84719
301 30 26951
275 739 96910
237 191 33388
531 724 20574
513 530 23243
374 475 12249
537 896 13709
999 101 56439
264 681 88997
85 866 36023
906 837 91546
90 733 96350
33 553 29894
525 784 92404
419 357 43873
397 59 96582
779 849 59158
898 111 89500
588 630 5648
329 942 19759
194 976 86053
847 708 48066
659 962 50118
42 964 95594
84 752 33856
182 436 22550
12 791 44535
452 324 58355
975 642 14618
858 468 44722
940 344 91636
260 517 61072
800 796 32740
383 345 55098
932 74 92351
553 706 22386
416 66 31496
294 172 77093
363 270 42336
753 881 77977
162 216 72917
207 242 93582
98 921 86099
332 286 77647
15 529 37086
727 363 62862
152 400 63807
908 130 98100
520 626 82612
754 184 6345
550 297 37223
994 836 41275
157 289 43814
393 5 69962
899 743 86505
614 805 9374
329 80 86535
442 573 38392
949 532 29910
370 136 99675
732 819 65571
226 466 99874
669 360 97567
393 838 22351
935 994 74958
8 201 45935
185 765 60780
437 921 31862
663 676 47654
856 463 55814
95 725 57781
158 789 11111
593 8 18965
992 179 89575
919 3 6636
474 70 95574
604 648 46458
972 131 94316
812 353 80741
252 492 37965
140 359 83412
855 14 98220
673 865 7118
57 315 99676
698 268 90000
31 86 70907
30 232 89014
188 967 60722
202 811 76669
407 513 94559
768 436 26114
726 224 86157
615 236 91743
696 727 37014
956 235 9033
317 896 35814
358 640 36180
103 460 59966
401 513 31436
32 245 84203
923 847 74515
146 403 62990
302 958 22134
315 719 91824
995 505 51559
493 653 25638
682 860 63087
1000 769 71814
267 995 11577
573 443 38483
668 91 8825
222 602 43389
185 506 37200
176 16 73825
266 761 59765
669 455 73993
660 139 12845
392 817 87830
594 242 19428
121 732 3253
487 14 72998
935 743 65390
383 789 29664
268 307 95436
852 99 24235
101 948 62173
5 167 97552
380 661 79270
572 462 50027
579 574 34369
864 717 37713
623 331 51759
205 594 45843
668 149 912
569 979 63394
929 357 24314
520 813 59875
960 138 9669
897 108 37096
840 703 38408
721 322 42211
628 803 51483
440 954 2345
828 944 49396
182 632 96653
330 665 24557
304 930 64297
141 40 24829
685 899 36004
185 658 44800
173 740 96758
35 144 98710
155 45 64152
616 67 79208
169 969 60840
559 3 84607
692 153 65432
692 941 96252
283 711 85758
550 120 63621
559 817 27147
127 598 95583
517 821 37530
745 173 2086
47 100 54160
733 914 2022
709 886 14032
236 814 58252
979 305 91726
931 705 91439
766 322 72342
190 294 33234
459 875 78909
427 519 89091
506 559 75285
353 141 6543
839 6 71629
13 158 89698
656 217 74811
299 363 85963
896 838 42131
876 234 63829
1000 644 59968
789 957 51422
342 965 33780
555 924 26648
286 509 47149
368 506 75394
724 86 69056
821 673 79006
422 603 27137
63 676 90128
975 979 84205
719 744 75396
537 899 60105
377 418 67142
88 793 88874
503 185 62566
557 297 29570
111 309 35372
193 22 23353
843 727 95091
282 854 30613
658 687 94237
783 223 38491
597 873 94918
658 804 98959
167 542 91140
172 938 92008
642 380 46428
845 505 57109
553 768 40783
200 666 76145
424 172 80686
403 708 40482
991 930 11150
701 777 73289
865 897 64103
311 569 83671
402 112 24017
355 421 64111
329 350 23850
581 956 15628
894 745 96480
490 946 97721
538 429 55432
454 840 81456
69 334 18419
561 735 49819
426 253 88350
564 145 76927
743 936 42874
253 752 94962
960 489 77456
114 352 24334
462 31 19607
829 538 30184
885 443 14373
152 545 18617
650 899 45460
749 547 30902
45 712 18823
144 685 32843
164 180 88285
807 895 57753
775 635 48068
979 464 91558
65 589 11146
301 175 94864
276 69 62836
631 397 59423
742 415 85999
497 940 60162
406 528 3516
153 670 2030
99 27 15361
154 443 68187
31 705 26513
339 165 51208
831 664 98802
571 997 54817
231 536 50631
710 82 77361
195 670 64930
181 413 78683
6 214 70444
782 209 32747
949 340 19985
768 810 11350
547 506 93790
934 449 38318
607 604 49948
899 68 11993
285 944 50588
961 12 91379
807 102 34923
38 153 29479
921 429 72424
979 603 95126
147 685 34375
591 609 12318
325 289 21268
553 676 12081
874 486 20888
649 143 62041
391 37 32188
127 2 34236
954 446 5251
231 786 79923
714 246 42626
987 370 80332
448 384 52862
358 951 60744
490 750 61149
329 743 78655
280 891 87397
645 161 76046
814 295 8141
787 679 67699
110 388 29148
500 955 9250
896 947 82051
967 946 89717
532 199 18961
92 375 26317
278 612 40898
505 907 79972
480 472 76463
710 655 80982
289 106 19204
776 169 28945
988 628 79755
94 671 40865
254 737 19380
559 336 70139
205 506 20576
670 456 9972
47 777 67839
808 233 1191
799 583 9339
673 442 9459
762 517 5480
582 549 80284
889 365 44102
74 134 95780
16 85 32170
235 367 88874
662 483 54623
785 863 20610
773 38 65771
200 977 2452
751 104 12917
367 75 69774
108 364 92990
543 532 31299
758 956 49693
78 892 66824
637 307 29474
890 913 3297
224 612 20760
906 820 79653
961 426 12201
302 574 78481
82 752 2625
229 550 91584
290 834 95571
580 639 15746
466 795 93611
611 369 36438
359 540 37235
89 851 29671
269 412 78588
861 338 78791
612 298 84762
454 316 95473
260 33 16869
746 382 82785
774 719 20022
382 627 30066
380 430 27474
513 796 9594
53 622 4499
357 656 60663
537 124 85775
363 641 63265
465 709 99683
950 986 75505
214 503 14817
74 651 60552
813 75 72050
759 355 99319
295 731 1914
141 251 91576
171 909 51752
913 986 64715
535 95 38686
525 410 32355
884 672 71771
162 307 87574
568 795 77663
937 264 226
921 318 80474
115 356 17431
622 361 5769
484 482 64281
702 773 82409
113 437 55127
503 256 71442
279 196 89330
999 563 19161
615 156 15268
39 283 22696
241 997 29274
450 65 38245
323 276 36019
842 16 30308
903 480 58490
712 27 66634
631 195 40404
300 149 7629
325 761 41279
13 271 47346
390 864 80831
242 503 77007
997 759 72537
819 481 23148
104 60 46569
579 130 81070
955 292 66130
620 36 19826
153 420 5695
980 347 72714
924 709 2401
243 550 10664
994 130 11749
385 524 62526
870 508 61302
865 385 89
581 203 60910
150 96 77697
612 458 71853
441 661 28624
692 599 93939
972 528 5148
949 731 33738
816 305 65604
324 673 63446
942 830 53036
268 78 80988
165 279 94073
811 922 31175
549 613 44470
21 734 97623
272 230 68312
683 21 24547
525 784 86410
340 312 90918
275 897 34212
956 40 64761
123 695 5376
383 151 73758
437 539 23751
688 76 23983
116 741 93714
782 668 43880
7 90 39667
191 127 89013
564 347 4298
862 473 85982
228 966 16981
984 49 46966
341 221 8479
439 342 97853
926 647 15102
952 711 15467
833 213 37809
416 455 24668
301 307 33046
538 59 3235
159 74 10236
719 437 17077
36 79 43013
286 529 51725
624 845 32992
820 267 54662
640 825 84930
946 816 19089
741 1000 37227
169 110 77487
306 117 66805
773 807 45734
246 542 4780
422 630 5163
253 902 8105
164 166 50282
774 304 15902
523 603 3144
179 377 24285
336 538 79133
298 229 29937
300 905 13854
594 661 27834
573 599 18034
781 777 12317
547 426 56955
186 889 50877
349 612 89973
417 908 29419
501 115 12109
573 946 20249
97 157 66018
319 421 10813
497 723 52503
77 992 27921
600 652 29325
893 640 80844
91 529 71155
303 261 35145
381 625 84680
66 791 18296
261 443 54956
871 193 39190
50 813 54003
330 352 40679
311 688 47919
322 512 95908
686 376 82438
915 617 56739
414 731 6591
270 428 4747
701 555 26253
844 321 40377
871 315 37466
498 911 7053
764 581 2188
881 882 97260
338 325 91409
115 211 66395
877 112 19988
983 794 80642
11 102 38061
63 979 3702
119 778 38857
179 580 47247
611 217 18612
282 23 86141
602 944 84662
253 222 71673
179 193 84866
887 237 90960
600 530 29711
946 83 2284
315 340 30628
734 787 20078
89 348 25093
552 822 24297
736 430 92448
769 229 11607
795 633 46154
912 506 61222
677 225 34918
141 496 20311
702 351 82934
503 263 76574
827 782 36375
406 300 96932
451 334 70327
723 305 65214
354 831 20003
246 923 95832
200 66 9163
377 109 88752
992 449 44877
959 133 62267
165 436 99914
40 303 98286
643 322 67634
72 633 83887
414 349 24527
24 520 62555
301 770 6635
320 748 79641
164 321 96008
972 217 25715
143 935 44612
252 748 14098
871 401 49505
795 24 35189
350 947 20055
619 521 39461
983 12 76040
276 305 25938
690 338 28360
540 358 91919
891 68 74179
234 123 70029
810 916 47850
745 538 51319
300 962 41783
191 782 86126
289 83 83477
910 422 33212
825 776 3058
152 758 2743
724 924 29140
884 34 26721
990 708 43867
194 461 25238
603 436 17426
703 452 5856
666 894 57925
555 207 68703
807 971 52491
207 479 14333
224 222 22352
875 51 65692
648 308 82886
764 840 76426
581 470 25039
368 748 98543
335 718 35377
72 254 40402
34 658 85567
615 518 35741
250 303 57652
44 50 68292
481 705 80410
556 329 94680
988 423 35702
798 522 11488
727 427 58236
853 308 4367
987 625 9566
102 897 73838
561 619 80468
946 426 15281
492 1000 62615
883 83 73702
75 641 98239
933 634 9846
976 45 77953
738 304 53582
689 334 3228
584 124 45876
516 29 36433
756 166 56038
77 269 67634
826 255 5045
221 370 71680
928 200 93825
260 665 40806
731 345 57976
616 369 68680
373 218 40164
948 791 5442
797 227 44302
504 949 16197
964 600 90480
239 714 89961
427 421 33071
507 107 15209
550 668 24866
544 551 416
649 983 27804
335 602 50601
150 148 57539
626 324 99694
895 13 84025
874 13 68687
688 329 36555
281 595 31373
726 905 64605
331 12 73230
624 705 53699
910 300 28016
183 100 58157
361 843 93996
355 432 78571
898 909 57597
869 167 28777
614 284 60397
580 346 9392
203 617 89744
171 973 3659
715 937 97478
935 495 79239
966 933 44812
152 219 68841
162 332 5891
928 408 49359
275 496 38298
546 741 35615
596 813 57674
886 319 91688
658 855 56941
339 110 70808
847 242 23290
517 569 29663
210 275 88178
367 417 45409
996 783 82836
309 853 14883
841 51 27473
685 101 63588
104 126 87249
617 965 10127
474 815 95017
726 900 2648
214 478 55933
356 28 93733
620 113 82027
842 882 93096
82 537 8702
654 851 21552
981 901 46046
132 632 9369
800 768 27559
978 910 28499
9 401 22065
145 955 8633
670 844 53457
427 94 89415
550 394 16748
603 268 31576
740 856 24033
557 287 8822
867 766 96657
588 142 8392
296 775 24272
542 680 9336
544 114 63102
290 789 51333
157 594 30054
344 796 69548
60 12 78771
388 887 10148
594 649 36162
111 506 57331
80 340 421
943 73 7679
514 178 19162
430 93 35449
651 117 98483
193 430 68658
398 473 44504
583 185 90495
653 242 69873
462 446 72712
130 626 16197
406 574 21157
165 928 86792
830 809 78481
918 17 65414
879 653 78896
141 379 11645
948 73 655
891 505 88290
256 839 98668
184 959 50275
843 55 72786
844 463 53252
713 866 50902
942 220 61901
982 30 71450
634 992 38266
232 299 55297
525 479 52864
377 112 23215
213 778 40072
857 731 99358
668 730 33933
314 870 12899
73 188 63739
969 885 51842
774 274 81892
227 931 89500
612 689 38384
565 527 33090
66 150 30226
229 152 96027
294 967 66932
701 959 33863
984 541 27700
406 661 76994
803 845 38978
580 355 14060
424 94 86073
87 201 21824
376 663 30130
712 98 90680
229 382 16824
278 932 18010
993 145 16524
981 179 73753
354 590 89501
306 276 72199
77 504 39261
14 315 85583
728 828 6117
528 583 27163
563 343 41713
81 456 75082
703 62 23449
139 25 46353
203 456 43359
795 791 86047
85 231 17642
570 404 67420
602 245 28357
931 952 28303
13 170 33219
817 807 41703
603 104 44513
948 559 95797
735 22 10105
509 558 56633
266 856 32144
908 461 2733
104 367 53242
431 752 68685
990 14 54363
430 642 78645
927 67 34748
925 516 23327
790 646 22671
878 5 15893
423 29 1703
135 882 10488
390 329 14932
109 507 59811
701 348 65481
173 516 61437
45 477 23606
336 211 56606
401 314 9716
171 795 11226
473 349 36086
623 873 31997
4 460 82838
520 853 19715
100 651 53436
522 243 63449
254 264 16183
410 37 8479
571 982 44822
548 860 67552
488 552 38150
214 220 37894
523 801 20236
70 421 84164
510 272 81057
582 552 63016
796 985 83996
252 720 3573
221 425 9941
891 218 98450
56 439 35453
951 932 7746
955 827 20466
378 425 6892
74 453 4745
928 772 61773
803 354 55317
29 426 15871
57 700 34531
558 266 51847
22 474 30539
76 616 60993
299 160 19425
833 127 13945
820 861 51310
930 895 47621
646 691 82494
291 579 35695
711 658 74472
33 265 74796
585 964 22488
924 849 76065
658 191 26697
363 994 95560
733 376 31067
916 474 64999
568 329 56767
497 539 88121
289 213 43430
209 544 3898
514 558 44282
135 8 89294
793 714 16405
896 757 64713
621 644 6699
478 164 91714
148 949 65488
535 738 35765
188 564 47508
664 440 24632
7 800 1231
950 975 4035
826 486 74971
355 383 78982
540 153 70860
13 971 80224
43 762 87717
760 392 99227
578 615 42407
117 235 92116
518 987 95731
504 546 27891
121 736 12028
836 978 55105
379 204 50935
284 795 49730
262 322 61418
167 236 63993
407 555 37277
393 170 91084
37 705 29197
481 345 94634
707 61 66528
285 617 86443
986 161 61612
357 535 63212
152 618 26149
715 858 41134
443 735 32495
935 618 28506
715 443 78304
100 320 73807
417 676 59427
350 748 90573
241 736 62591
629 379 79090
235 151 47710
339 301 26245
175 461 98170
390 118 63704
396 397 37477
82 24 97231
897 490 55212
896 720 44804
991 911 65377
317 692 88719
954 575 50259
766 200 83365
126 643 55424
219 858 77346
393 17 5272
198 831 92326
161 457 70624
512 808 76558
941 376 39053
261 515 34326
827 425 97661
4 738 40593
102 882 48543
320 919 33836
608 87 78064
965 190 78963
509 589 63519
473 365 14459
474 253 95613
236 753 30243
482 362 57891
709 837 84249
135 239 45309
27 938 20011
528 63 84388
284 21 53973
243 970 16220
647 105 46453
507 68 20641
529 393 17393
174 195 11238
789 473 5853
946 577 75416
527 80 6588
448 481 4508
933 986 27927
809 54 46386
988 269 47508
934 878 3632
856 747 25194
278 878 52625
395 905 56739
455 482 4496
634 619 26320
949 19 12434
634 824 19141
378 67 75935
426 308 58134
632 681 2331
977 928 13056
935 954 4977
696 238 70783
887 685 22214
538 636 95048
660 15 34749
254 902 17856
557 532 58630
547 420 30499
817 428 67389
949 531 2005
399 854 43946
121 116 87599
17 696 80765
331 119 92069
958 134 32422
944 789 5603
369 837 24430
956 263 52315
146 68 16864
655 433 56857
852 648 56825
67 968 9802
998 905 63189
368 885 89158
972 773 82813
299 544 39712
543 383 89362
686 82 36304
312 793 13569
173 476 8496
191 50 11687
641 825 85992
339 140 78797
994 504 34372
804 266 2979
805 284 27755
879 15 10933
701 588 2061
707 813 76393
540 63 78032
363 528 86485
660 830 75352
414 528 25849
514 172 65146
958 384 5727
571 788 1873
41 897 55059
290 485 92792
223 124 29775
805 952 35101
57 91 59284
434 250 5052
924 216 11950
426 510 41560
991 968 27762
365 136 44187
867 287 39121
536 504 53876
339 762 86498
352 90 30534
627 674 24972
224 84 89339
281 203 98896
962 536 17793
721 755 5985
103 90 13710
262 370 42523
356 792 76591
535 185 24937
597 264 80029
649 523 42215
3 261 72620
816 282 54430
65 470 61033
223 67 61913
335 291 9414
472 192 98763
307 694 70816
256 814 85999
532 61 71640
742 225 77215
428 730 72499
114 500 97909
294 546 7254
68 837 27671
667 341 88153
173 894 89827
345 459 43374
760 455 92990
98 686 55695
902 675 85767
616 605 25894
753 498 21149
149 353 92311
384 968 10647
741 119 80360
951 764 39239
768 284 33448
451 395 45163
48 222 97804
184 789 23278
471 443 54129
455 875 60953
608 897 87358
860 488 94848
560 118 62317
843 795 63393
749 646 74194
277 269 8541
375 204 29559
292 754 70385
237 200 43666
18 425 88275
557 137 96052
753 119 19385
555 70 12020
222 477 1514
667 918 85652
381 972 91106
726 526 389
655 273 77325
96 45 5473
902 823 16549
437 65 74844
869 170 99554
427 619 18837
811 13 68582
649 365 58768
616 591 36292
845 543 58729
358 895 1318
803 793 76954
666 488 12771
183 127 7151
382 866 38466
356 859 58499
501 547 66540
116 977 42499
480 21 35756
321 248 95164
499 98 49105
145 156 41304
361 948 84351
433 623 67778
15 927 45133
358 915 93073
111 835 50247
247 362 27788
821 104 26565
133 834 73321
889 200 11565
250 714 85043
184 448 66357
409 970 14818
65 284 63971
664 32 73889
65 697 46878
271 895 36945
793 914 55086
165 294 45625
34 471 18822
398 930 66184
185 70 79250
145 559 77254
572 697 14698
219 932 9914
959 50 53941
906 340 97093
791 943 64518
97 690 16016
958 53 52875
909 631 77356
570 701 68215
201 821 66039
579 990 95991
916 948 49234
651 734 50178
483 575 44155
697 229 90243
879 564 47718
483 322 98356
785 220 13172
400 875 84311
624 266 34544
774 193 37989
56 754 54043
327 66 16510
157 242 39018
768 956 67507
306 725 31582
442 634 53195
110 438 94323
828 882 30934
146 301 3195
226 805 41746
545 285 69902
120 166 42735
799 352 43441
832 538 61862
632 368 43418
661 234 69541
545 299 9383
800 124 40053
654 704 56958
649 125 92426
719 258 57836
889 510 54224
550 776 8054
644 304 67385
475 585 79868
103 25 17421
438 455 4633
583 918 35709
406 582 78705
361 931 6195
871 216 95508
930 609 93661
976 511 58007
955 933 1459
879 941 33034
944 541 40790
394 536 44612
635 261 66963
923 679 62771
233 194 74593
485 367 19891
192 575 36729
271 632 69488
203 524 10704
220 970 40861
491 601 341
285 4 98164
959 262 79008
256 522 14738
145 17 30411
449 65 52804
663 878 91452
907 271 90684
388 563 47267
638 522 78231
15 848 10347
717 584 9015
794 603 61870
675 484 32109
920 482 25419
870 375 42633
35 438 18391
824 645 5266
211 472 8860
165 220 78817
519 535 98974
644 349 24217
40 155 47000
549 416 58704
478 614 22801
66 681 35870
286 570 70194
360 534 24792
914 713 84133
814 418 52194
585 992 29049
146 889 70670
179 535 57619
437 397 27829
8 338 15755
656 48 93620
33 512 38798
974 602 91832
394 780 50178
31 700 57780
581 510 45175
909 285 51365
379 82 64386
280 798 25486
195 552 93324
744 221 90344
624 425 91881
124 854 16602
781 23 5504
488 984 27504
913 590 39813
595 97 52986
387 439 74886
453 528 52622
145 307 8766
153 361 25436
883 676 40976
346 604 85490
316 950 26136
470 819 49899
273 52 24966
13 386 89860
872 143 47301
926 912 51839
711 98 50061
539 658 84121
851 95 1276
19 486 71347
392 116 2079
20 136 29732
905 493 60208
902 54 35785
599 193 37550
904 853 55155
468 444 50502
869 872 58510
29 546 35982
72 234 93599
769 252 21792
885 291 61133
770 111 73727
73 884 18305
954 270 72997
227 638 30720
576 592 18496
246 827 10698
484 962 74889
603 18 79315
973 993 53885
643 913 90193
398 670 84288
448 626 89041
142 746 12705
156 761 73382
165 536 41322
854 339 71671
417 6 71153
723 662 25445
88 341 29210
116 47 28202
188 267 61023
33 578 12412
875 417 76291
682 436 98773
494 61 20249
71 155 91608
726 95 24167
90 897 91576
731 552 33911
875 950 59384
230 215 10036
879 588 20477
67 151 89804
122 257 59276
516 957 57891
228 140 93828
470 117 81227
534 683 58271
488 844 82906
292 901 98882
170 525 12659
318 1 83743
217 473 40982
614 712 8210
158 960 34476
168 794 1041
515 185 96089
29 223 5853
411 763 46054
199 162 86466
434 883 47077
472 564 51149
455 981 83662
708 64 74330
409 161 71016
393 182 30765
147 589 37484
474 728 20558
1 321 37033
984 274 15432
882 123 61344
588 538 14385
394 630 90046
324 759 95916
827 326 48920
127 269 80380
855 25 54288
286 101 99412
128 680 23587
814 648 75034
421 489 64194
837 985 29719
208 916 25238
780 576 94224
33 799 34559
289 241 89136
454 162 21219
872 445 53776
334 947 99784
909 833 57104
591 600 3492
518 626 33449
546 38 70217
256 226 85442
69 467 24789
278 971 65289
701 280 14702
284 748 58241
547 25 63748
822 739 23914
832 954 89326
142 919 26809
195 272 54827
133 173 42867
811 853 80214
784 152 89097
774 468 40092
184 762 23916
560 97 75565
115 360 62611
260 225 73093
773 727 58317
683 259 29908
245 486 51136
855 496 85511
873 606 35314
927 940 60427
298 232 58087
509 486 26231
631 499 89219
242 449 8448
673 571 79414
349 821 77396
601 78 24415
782 956 79341
26 517 31756
452 962 5520
34 405 62971
41 51 55434
341 831 64451
5 981 21248
325 15 51353
946 695 72907
338 740 9018
464 29 92376
929 612 12516
929 234 40183
706 520 86870
170 548 6955
509 892 2315
11 847 42915
755 25 61172
565 847 40353
903 595 58289
520 355 45000
675 533 95236
34 608 76081
719 338 82078
729 454 96674
168 766 61585
123 257 85503
698 741 3003
965 165 7060
555 594 5984
749 801 51120
443 925 12396
917 84 15401
416 292 14422
158 766 58743
755 582 32177
793 524 84814
370 438 95587
757 443 86986
457 753 43072
124 330 84301
466 448 98884
526 33 64437
340 671 35306
566 495 23766
928 362 68596
513 636 80506
774 208 86957
6 397 9993
8 415 915
45 206 52
825 24 54106
472 825 42761
222 518 28151
956 167 25539
266 418 21672
500 736 34951
276 786 89739
638 315 8250
96 561 72003
241 104 57006
43 517 41920
87 889 11550
821 652 74628
955 386 77092
995 979 55149
745 404 35825
964 200 67325
945 444 20854
315 347 73701
35 466 34859
828 808 6143
791 987 81436
614 387 47686
453 651 85725
722 312 41845
340 788 86592
348 527 58197
811 804 99867
203 172 19743
331 925 2243
14 739 1492
654 820 74170
677 767 74070
912 898 68269
865 355 11072
171 168 6493
179 992 23862
890 99 55930
831 725 98292
918 79 69454
536 19 25073
749 418 39447
398 559 52634
105 191 8181
588 496 56014
733 495 58582
288 377 43128
951 340 89425
177 570 5314
153 647 16852
677 762 70706
670 710 40928
654 846 27230
158 613 59630
486 28 50369
398 769 6929
581 958 91663
778 151 65542
695 260 64581
645 131 9326
321 764 74471
609 161 341
140 448 72041
905 833 694
334 454 81878
960 240 26232
381 700 18880
346 914 3492
914 843 53548
558 993 4157
415 169 72682
830 793 88161
488 921 62297
324 474 52594
116 448 76993
176 306 45903
252 979 36745
735 505 8406
993 154 98393
135 332 99561
814 569 32864
386 766 21686
106 683 7327
25 566 71015
550 265 40446
856 887 41197
99 573 31618
373 229 93038
665 993 61582
17 632 76869
38 738 2496
662 638 32406
746 792 2280
851 264 22419
568 450 28986
94 488 63928
486 105 16976
851 669 68669
469 135 40641
548 903 25446
512 81 59299
290 773 5227
488 490 66651
513 771 73807
452 276 89168
478 358 87187
633 963 87569
144 498 37776
896 695 23750
328 612 51737
750 220 50825
514 812 62521
75 681 6618
191 466 3675
189 606 99312
230 489 55860
481 589 19901
238 854 50787
42 664 99939
357 327 49243
289 392 87818
826 804 41180
52 335 98233
457 415 95377
574 486 59957
197 939 61991
420 324 19087
988 896 50634
89 463 73499
364 920 18962
287 352 5437
281 791 2079
334 249 68467
842 159 93947
731 278 75654
183 202 56326
172 539 7821
348 489 23812
602 644 72493
111 373 20357
374 711 35343
835 150 97581
828 554 72722
532 397 26883
899 497 95503
840 412 20241
639 945 73314
656 563 51641
982 18 27842
399 833 5036
592 13 42525
970 129 76078
227 748 53581
663 566 9652
417 81 49613
974 886 34119
985 435 88585
955 282 97548
422 766 72894
610 890 19009
279 245 71181
541 37 22658
308 185 37203
345 899 45656
438 795 31123
16 465 82621
454 158 94123
572 842 21888
590 306 15907
883 894 12774
778 777 31093
760 694 39867
781 182 19072
953 372 69847
287 164 27575
400 540 10432
153 818 76376
549 748 58162
532 482 57168
684 47 88601
626 510 69024
326 451 59222
961 402 56412
52 2 53951
623 715 48642
946 865 76553
368 337 59496
493 284 88998
232 898 50513
66 619 94030
925 27 4129
856 674 53413
975 229 98850
376 852 73235
423 207 37356
310 848 4070
543 142 45981
526 483 37788
927 325 99592
177 227 21300
709 788 34836
532 533 93713
636 954 47023
775 113 74175
296 286 55184
359 346 34702
90 405 61037
817 523 45086
121 553 42924
234 615 73886
161 74 6654
133 168 26970
226 911 21987
863 113 40055
999 646 53952
254 330 10039
327 920 91800
620 713 75106
496 823 61010
124 899 96408
272 98 95218
596 716 98480
505 71 50051
762 244 27566
348 226 32919
630 8 77293
162 825 75034
898 113 29838
615 620 57082
413 265 17949
59 367 12605
809 259 38802
363 529 60905
586 176 7977
477 797 9709
775 664 67191
174 184 5540
511 446 12939
435 664 98217
185 383 22737
535 595 30023
401 408 40883
644 70 60608
523 303 22347
991 576 39599
975 732 69621
330 72 32814
930 154 13690
391 514 3301
717 998 97670
354 716 70701
675 590 75800
33 298 23492
380 931 12121
331 180 29968
204 906 38855
490 128 95484
882 53 15171
82 31 86627
672 254 6886
20 15 20078
105 744 93701
537 891 5509
953 662 58192
5 556 52618
764 236 23012
952 313 53089
641 924 73310
716 262 533
998 859 64533
860 694 99512
65 350 96374
46 346 44815
922 906 84961
298 866 55075
600 196 98417
53 161 5973
876 920 6082
798 149 44280
983 73 57529
286 100 82800
414 428 68944
799 303 45653
694 627 78823
306 917 14564
70 247 8073
749 434 19032
892 625 4982
559 638 48202
741 204 69942
267 767 3681
419 765 97854
536 333 58366
887 754 44128
757 560 99684
586 713 94894
396 21 10744
999 19 93802
520 694 339
476 38 44394
884 338 58949
964 269 55147
776 220 9102
689 341 22025
577 135 99566
591 942 39277
234 359 7532
326 85 5531
372 536 61475
621 523 45549
600 332 65325
108 828 59195
17 802 52687
767 459 4213
694 874 59478
611 777 6441
914 357 1660
696 241 84260
565 591 23209
969 792 69977
469 152 99938
318 656 58445
519 593 31255
844 196 65814
423 887 88298
258 621 14253
301 384 31972
873 116 47039
132 175 31349
398 68 2067
597 156 81797
770 750 81947
584 150 94375
888 960 62696
676 335 46895
835 875 73662
194 226 34529
705 439 37326
159 291 54481
563 139 87371
596 153 77456
165 878 39456
421 896 56669
769 639 13000
282 98 6115
659 513 84616
653 322 91708
748 574 2902
870 509 56993
868 427 14495
800 46 61002
260 415 35598
152 126 91379
299 550 50962
883 910 46331
714 747 25693
872 419 89500
96 509 62273
747 543 34803
589 73 58299
145 931 90278
236 255 32684
500 130 55752
668 776 84228
646 722 69216
942 816 7105
861 7 37180
252 643 96733
152 283 55997
69 468 48201
137 864 44252
142 930 18321
910 42 52031
666 285 74706
825 775 50058
128 549 52023
388 199 30807
164 465 90879
388 972 17632
825 642 63650
16 476 143
495 898 43668
51 539 50285
604 369 85969
575 867 70831
104 725 42871
230 331 7718
499 561 9140
658 222 63366
265 28 37522
221 833 37053
694 14 45819
860 878 571
375 65 30138
453 929 95043
579 255 6882
380 86 83964
802 609 95217
28 192 78831
890 672 30292
195 619 4714
451 813 5083
611 321 23733
974 990 8767
4 695 747
28 181 46777
700 850 79014
395 190 16245
583 13 55302
31 250 88572
735 911 77196
657 508 47968
790 857 89541
507 719 4625
73 436 75465
408 358 46833
94 801 27882
283 765 13520
666 416 97741
894 763 4649
332 128 39030
335 697 1914
438 577 46609
458 580 85754
184 676 22542
271 686 63345
258 319 24266
699 247 348
885 218 50330
495 444 42251
894 417 90190
411 257 12012
772 468 42621
986 99 66131
82 338 72482
733 402 51135
505 705 37091
253 995 37951
260 147 3555
933 553 35214
654 936 57626
692 154 93236
703 652 73842
310 802 35528
282 990 37315
359 418 92796
481 114 67344
47 78 6597
142 124 5056
457 944 36230
777 664 82841
205 936 28209
394 178 75653
133 6 15206
895 238 4831
107 664 54877
578 775 52639
547 805 63493
886 408 43785
967 290 23960
826 225 32542
9 574 10882
418 784 55870
483 60 92984
37 822 94817
890 329 22545
715 471 44468
399 58 66992
52 966 10184
503 374 76529
402 942 17032
956 433 3383
242 946 40672
488 882 39086
687 443 40335
74 346 58971
73 257 46767
363 730 84656
475 767 2702
181 387 69267
745 487 56474
509 959 77423
172 755 96364
593 920 12280
60 933 24821
332 860 53371
922 620 10123
946 543 36263
35 519 23586
39 501 17373
317 334 64461
915 264 2682
440 15 65032
420 789 8081
636 14 15423
474 865 49350
633 413 2716
795 7 90680
200 954 30515
86 598 12958
322 820 1825
115 423 24232
666 761 58059
867 351 77709
749 828 67833
775 471 44305
639 737 23504
170 458 41647
209 182 40286
115 826 71870
880 433 53233
643 337 66201
122 449 91763
437 607 44159
325 706 75619
983 139 47602
930 666 28756
208 682 88382
725 528 69827
9 91 79532
964 991 76652
184 561 79411
419 634 13067
821 426 36696
308 820 96780
687 507 84645
980 663 35775
853 485 43122
846 461 82729
821 163 3869
230 786 19133
128 253 52148
62 892 29330
147 280 47704
491 906 49740
441 589 35145
770 147 34359
725 476 14336
432 399 15958
67 726 73881
159 386 54291
151 726 33816
674 5 69005
283 33 60058
667 619 50280
171 302 14624
58 995 10841
123 674 3433
578 747 98015
408 496 47345
508 802 65564
980 822 1270
792 516 81273
803 381 51642
962 549 9826
561 595 48720
274 985 62952
433 520 38256
586 716 72418
631 626 18716
994 93 94225
959 709 76744
111 117 31389
998 188 46047
247 289 85219
518 36 40357
837 869 71084
327 151 13586
610 236 78438
495 150 5283
403 572 13800
558 256 42274
533 969 74408
526 186 66900
664 523 70874
695 668 84160
789 18 3985
281 50 53473
842 630 43712
971 675 2801
728 316 24617
317 204 48325
180 322 32705
701 786 14019
251 477 57880
15 4 70865
894 831 21242
427 683 21170
100 522 96417
147 123 43517
829 322 34088
696 457 60750
594 395 74368
315 493 91989
755 718 10196
299 629 20951
963 712 57185
291 774 38517
267 230 49479
546 967 74137
109 75 67970
96 407 86336
69 366 71241
555 16 38674
41 326 22159
255 385 20917
2 660 3954
613 617 33137
781 241 35618
446 946 82451
873 549 57879
49 684 14781
914 61 72124
305 329 6462
604 45 26838
563 643 63096
34 876 31247
887 480 30619
943 447 15494
259 388 99258
346 676 72
961 572 35003
745 227 15973
328 634 74054
192 688 11262
222 537 9540
485 721 36594
947 382 14636
245 43 18415
890 176 46518
360 439 44326
362 866 36170
785 21 46788
161 628 45531
248 555 22705
287 87 77807
86 644 36633
287 964 58832
621 285 49790
909 286 90609
538 759 9788
320 939 95190
506 524 69865
75 364 82328
630 493 11583
534 631 45017
869 162 34641
801 345 41421
4 739 19411
665 832 87163
167 194 14426
200 868 25983
91 241 16653
846 793 54841
199 119 88042
685 528 9713
807 283 56431
730 315 21731
782 11 18772
754 53 20993
311 439 60134
536 641 70205
498 45 41624
209 825 81162
663 504 71333
844 698 4833
488 240 39021
608 194 80703
904 538 99950
777 705 85461
993 336 3842
932 613 28616
442 7 90682
906 56 87576
654 395 23330
697 547 25878
726 105 40130
325 362 92534
849 718 83055
374 536 66773
531 605 46157
917 174 17680
366 219 56819
328 85 78779
870 158 6111
610 391 15172
515 707 86587
29 756 99415
936 700 35143
967 585 50259
31 411 76777
776 83 89709
398 44 53313
314 727 96011
599 384 66981
917 159 23986
188 256 71520
856 687 61254
89 180 68350
908 680 47413
190 219 73356
93 983 28
409 848 20907
276 349 30566
740 500 59468
705 783 79061
381 205 66894
6 399 62827
390 459 88954
394 847 28755
57 694 49320
970 2 16970
954 67 44181
493 815 72871
916 433 13244
903 609 93621
411 167 9495
306 322 12119
165 434 66414
49 857 33062
261 697 1368
204 829 41610
324 99 19318
611 174 60025
138 148 11274
694 969 77119
918 385 13173
763 328 98131
42 765 26081
479 342 73857
931 535 14236
931 185 29170
329 684 29765
821 860 8093
128 78 76149
515 424 71540
611 62 67674
342 121 84556
631 208 91524
157 674 85788
378 887 2648
509 648 76224
418 308 25462
245 926 83259
237 269 21391
847 825 6506
755 74 78444
560 882 69856
481 337 74547
204 224 4198
678 43 85278
739 458 85614
269 556 72068
701 297 69793
893 813 69872
904 734 13462
876 131 21580
81 199 38129
410 442 26829
247 282 60051
40 595 48131
891 759 40689
449 746 10414
957 280 45968
653 762 94643
830 896 62042
913 140 18115
202 377 12511
848 732 44036
627 359 67730
700 589 50790
153 873 27770
560 486 50634
674 623 34587
201 673 70572
28 11 22441
360 895 4702
382 780 78753
592 269 20070
240 813 97453
664 562 22144
22 406 78362
541 379 53116
478 538 90056
256 968 93664
657 243 61608
850 764 28578
955 54 43344
992 781 29105
390 206 9406
217 128 56771
462 134 8120
659 839 8497
38 321 50246
285 226 83084
812 412 53994
93 541 34638
597 977 29469
369 306 50299
408 87 79273
250 59 10082
299 109 44688
106 586 54250
884 144 83506
109 694 27628
964 290 29240
375 111 43642
185 257 94190
769 371 33068
596 573 84305
14 385 96803
296 127 29010
425 927 91519
994 525 48989
529 306 66501
113 672 49744
494 478 50417
536 571 89746
657 789 39526
559 497 29133
334 159 76063
721 349 58641
28 35 27967
720 497 45101
437 314 85887
900 917 91268
113 877 18254
962 218 33032
887 92 59773
499 21 54000
106 88 22333
733 867 41673
686 1000 48570
192 990 49494
716 50 91251
514 528 87983
281 126 21471
518 58 62375
185 600 85106
919 291 50438
530 158 52357
57 721 3362
148 472 23759
365 840 73248
927 878 12984
963 90 11542
954 576 47615
56 400 69022
600 47 5308
134 84 29330
818 715 40648
672 687 18922
377 139 32077
626 921 25103
898 638 98203
143 608 7019
318 761 50692
940 405 45623
457 559 49902
264 116 47271
538 420 1156
290 579 31884
129 10 99379
331 338 162
136 811 67435
799 740 80052
242 352 58193
629 954 98335
166 954 33352
466 409 10149
885 941 25041
470 349 14822
817 146 19307
708 727 41346
71 343 43310
467 470 53260
827 95 9590
25 304 70220
638 571 13586
706 902 91014
769 651 54627
195 808 61723
793 541 61342
890 78 22338
578 974 39176
403 973 29424
600 528 8724
804 635 74116
560 171 41726
168 569 4360
433 112 42935
381 448 72103
614 339 5134
382 422 29905
61 107 31870
632 832 13618
176 38 32070
968 321 2656
404 689 10599
993 730 27841
829 497 89811
955 86 6719
701 867 32900
174 980 82022
355 42 32319
697 886 43710
120 254 26476
329 280 1444
75 698 18299
542 558 13542
236 194 12591
8 62 65926
738 216 2392
329 153 77311
532 174 37159
491 572 37495
