1 2 12345
2 3 23456
3 4 34567
4 5 45678
5 6 56789
6 7 67890
7 8 78901
8 9 89012
9 10 90123
10 11 1234
11 12 2345
12 13 3456
13 14 4567
14 15 5678
15 16 6789
16 17 7890
17 18 8901
18 19 9012
19 20 12345
20 21 23456
21 22 34567
22 23 45678
23 24 56789
24 25 67890
25 26 78901
26 27 89012
27 28 90123
28 29 1234
29 30 2345
30 31 3456
31 32 4567
32 33 5678
33 34 6789
34 35 7890
35 36 8901
36 37 9012
37 38 12345
38 39 23456
39 40 34567
40 41 45678
41 42 56789
42 43 67890
43 44 78901
44 45 89012
45 46 90123
46 47 1234
47 48 2345
48 49 3456
49 50 4567
50 1 5678